Chunk (0, 0, 0) | Triangles: 440
idx | VertA | VertB | VertC | maxEdge
----+-------+-------+-------+--------
   0 | (2,91,4,00,7,00) | (3,00,4,00,7,00) | (3,00,4,24,7,00) | 0,26
   1 | (3,00,4,24,7,00) | (4,00,5,00,7,00) | (3,76,5,00,7,00) | 1,25
   2 | (4,24,5,00,7,00) | (5,00,4,00,7,00) | (5,00,4,24,7,00) | 1,25
   3 | (5,09,4,00,7,00) | (5,00,4,24,7,00) | (5,00,4,00,7,00) | 0,26
   4 | (3,76,5,00,7,00) | (4,00,5,00,7,00) | (4,00,5,09,7,00) | 0,26
   5 | (4,24,5,00,7,00) | (4,00,5,09,7,00) | (4,00,5,00,7,00) | 0,26
   6 | (3,00,4,00,1,00) | (2,91,4,00,1,00) | (3,00,4,24,1,00) | 0,26
   7 | (3,76,5,00,1,00) | (3,00,4,00,1,00) | (3,00,4,24,1,00) | 1,25
   8 | (5,00,4,24,1,00) | (4,00,5,00,1,00) | (4,24,5,00,1,00) | 1,25
   9 | (5,00,4,00,1,00) | (5,00,4,24,1,00) | (5,09,4,00,1,00) | 0,26
  10 | (4,00,5,00,1,00) | (3,76,5,00,1,00) | (4,00,5,09,1,00) | 0,26
  11 | (4,00,5,00,1,00) | (4,00,5,09,1,00) | (4,24,5,00,1,00) | 0,26
  12 | (4,00,2,91,7,00) | (4,00,3,00,7,00) | (3,76,3,00,7,00) | 0,26
  13 | (4,24,3,00,7,00) | (4,00,3,00,7,00) | (4,00,2,91,7,00) | 0,26
  14 | (3,00,3,76,7,00) | (3,00,4,00,7,00) | (2,91,4,00,7,00) | 0,26
  15 | (3,76,3,00,7,00) | (3,00,4,00,7,00) | (3,00,3,76,7,00) | 1,25
  16 | (5,00,3,76,7,00) | (4,00,3,00,7,00) | (4,24,3,00,7,00) | 1,25
  17 | (5,09,4,00,7,00) | (5,00,4,00,7,00) | (5,00,3,76,7,00) | 0,26
  18 | (4,00,2,91,1,00) | (3,76,3,00,1,00) | (4,00,3,00,1,00) | 0,26
  19 | (4,00,3,00,1,00) | (4,24,3,00,1,00) | (4,00,2,91,1,00) | 0,26
  20 | (3,00,3,76,1,00) | (2,91,4,00,1,00) | (3,00,4,00,1,00) | 0,26
  21 | (3,00,3,76,1,00) | (4,00,3,00,1,00) | (3,76,3,00,1,00) | 1,25
  22 | (4,24,3,00,1,00) | (5,00,4,00,1,00) | (5,00,3,76,1,00) | 1,25
  23 | (5,00,4,00,1,00) | (5,09,4,00,1,00) | (5,00,3,76,1,00) | 0,26
  24 | (3,00,1,73,6,00) | (3,00,2,00,6,27) | (2,57,2,00,6,00) | 0,51
  25 | (4,00,1,52,6,00) | (3,00,2,00,6,27) | (3,00,1,73,6,00) | 1,14
  26 | (5,00,1,73,6,00) | (4,00,2,00,6,48) | (4,00,1,52,6,00) | 1,14
  27 | (5,43,2,00,6,00) | (5,00,2,00,6,27) | (5,00,1,73,6,00) | 0,51
  28 | (2,00,2,57,6,00) | (2,00,3,00,6,27) | (1,73,3,00,6,00) | 0,51
  29 | (2,57,2,00,6,00) | (2,00,3,00,6,27) | (2,00,2,57,6,00) | 1,18
  30 | (4,00,2,91,7,00) | (3,76,3,00,7,00) | (3,00,3,00,6,87) | 1,01
  31 | (4,24,3,00,7,00) | (4,00,2,91,7,00) | (4,00,2,00,6,48) | 1,15
  32 | (6,00,2,57,6,00) | (5,00,2,00,6,27) | (5,43,2,00,6,00) | 1,18
  33 | (6,27,3,00,6,00) | (6,00,3,00,6,27) | (6,00,2,57,6,00) | 0,51
  34 | (1,73,3,00,6,00) | (2,00,4,00,6,48) | (1,52,4,00,6,00) | 1,14
  35 | (3,00,3,76,7,00) | (2,91,4,00,7,00) | (2,00,4,00,6,48) | 1,15
  36 | (3,00,3,00,6,87) | (3,76,3,00,7,00) | (3,00,3,76,7,00) | 1,07
  37 | (5,00,3,00,6,87) | (5,00,3,76,7,00) | (4,24,3,00,7,00) | 1,07
  38 | (5,09,4,00,7,00) | (5,00,3,76,7,00) | (5,00,3,00,6,87) | 1,01
  39 | (6,48,4,00,6,00) | (6,00,3,00,6,27) | (6,27,3,00,6,00) | 1,14
  40 | (3,76,3,00,7,00) | (4,00,3,00,7,00) | (3,00,4,00,7,00) | 1,41
  41 | (5,00,3,76,7,00) | (5,00,4,00,7,00) | (4,00,3,00,7,00) | 1,41
  42 | (3,00,3,76,1,00) | (3,00,4,00,1,00) | (4,00,3,00,1,00) | 1,41
  43 | (4,24,3,00,1,00) | (4,00,3,00,1,00) | (5,00,4,00,1,00) | 1,41
  44 | (1,52,4,00,6,00) | (2,00,5,00,6,27) | (1,73,5,00,6,00) | 1,14
  45 | (2,91,4,00,7,00) | (3,00,4,24,7,00) | (3,00,5,00,6,87) | 1,01
  46 | (3,00,5,00,6,87) | (3,00,4,24,7,00) | (3,76,5,00,7,00) | 1,07
  47 | (5,00,4,24,7,00) | (5,00,5,00,6,87) | (4,24,5,00,7,00) | 1,07
  48 | (5,00,4,24,7,00) | (5,09,4,00,7,00) | (6,00,4,00,6,48) | 1,15
  49 | (6,27,5,00,6,00) | (6,00,4,00,6,48) | (6,48,4,00,6,00) | 1,14
  50 | (1,73,5,00,6,00) | (2,00,5,00,6,27) | (2,00,5,43,6,00) | 0,51
  51 | (2,00,5,43,6,00) | (3,00,6,00,6,27) | (2,57,6,00,6,00) | 1,18
  52 | (3,76,5,00,7,00) | (4,00,5,09,7,00) | (4,00,6,00,6,48) | 1,15
  53 | (4,00,5,09,7,00) | (4,24,5,00,7,00) | (5,00,5,00,6,87) | 1,01
  54 | (5,43,6,00,6,00) | (6,00,5,00,6,27) | (6,00,5,43,6,00) | 1,18
  55 | (6,27,5,00,6,00) | (6,00,5,43,6,00) | (6,00,5,00,6,27) | 0,51
  56 | (2,57,6,00,6,00) | (3,00,6,00,6,27) | (3,00,6,27,6,00) | 0,51
  57 | (4,00,6,00,6,48) | (3,00,6,27,6,00) | (3,00,6,00,6,27) | 1,14
  58 | (5,00,6,00,6,27) | (4,00,6,48,6,00) | (4,00,6,00,6,48) | 1,14
  59 | (5,43,6,00,6,00) | (5,00,6,27,6,00) | (5,00,6,00,6,27) | 0,51
  60 | (1,00,4,00,5,00) | (1,00,4,00,5,09) | (1,00,4,24,5,00) | 0,26
  61 | (1,00,4,24,5,00) | (1,00,4,00,5,09) | (1,52,4,00,6,00) | 1,15
  62 | (7,00,4,00,5,09) | (7,00,4,24,5,00) | (6,87,5,00,5,00) | 1,01
  63 | (7,00,4,00,5,00) | (7,00,4,24,5,00) | (7,00,4,00,5,09) | 0,26
  64 | (2,00,6,00,5,43) | (1,73,5,00,6,00) | (2,00,5,43,6,00) | 1,18
  65 | (2,00,6,00,5,43) | (2,00,5,43,6,00) | (2,57,6,00,6,00) | 0,80
  66 | (6,00,5,43,6,00) | (6,00,6,00,5,43) | (5,43,6,00,6,00) | 0,80
  67 | (6,00,5,43,6,00) | (6,27,6,00,5,00) | (6,00,6,00,5,43) | 1,18
  68 | (1,73,6,00,5,00) | (2,00,6,00,5,43) | (2,00,6,27,5,00) | 0,51
  69 | (2,57,6,00,6,00) | (2,00,6,27,5,00) | (2,00,6,00,5,43) | 1,18
  70 | (4,00,7,00,5,09) | (3,76,7,00,5,00) | (3,00,6,87,5,00) | 1,01
  71 | (4,24,7,00,5,00) | (4,00,7,00,5,09) | (4,00,6,48,6,00) | 1,15
  72 | (6,00,6,00,5,43) | (5,00,6,27,6,00) | (5,43,6,00,6,00) | 1,18
  73 | (6,27,6,00,5,00) | (6,00,6,27,5,00) | (6,00,6,00,5,43) | 0,51
  74 | (3,76,7,00,5,00) | (4,00,7,00,5,09) | (4,00,7,00,5,00) | 0,26
  75 | (4,24,7,00,5,00) | (4,00,7,00,5,00) | (4,00,7,00,5,09) | 0,26
  76 | (3,76,5,00,1,00) | (4,00,5,00,1,00) | (3,00,4,00,1,00) | 1,41
  77 | (5,00,4,24,1,00) | (5,00,4,00,1,00) | (4,00,5,00,1,00) | 1,41
  78 | (2,00,4,00,1,52) | (1,73,5,00,2,00) | (2,00,5,00,1,73) | 1,14
  79 | (3,00,4,24,1,00) | (2,91,4,00,1,00) | (2,00,4,00,1,52) | 1,15
  80 | (3,76,5,00,1,00) | (3,00,4,24,1,00) | (3,00,5,00,1,13) | 1,07
  81 | (5,00,4,24,1,00) | (4,24,5,00,1,00) | (5,00,5,00,1,13) | 1,07
  82 | (5,09,4,00,1,00) | (5,00,4,24,1,00) | (5,00,5,00,1,13) | 1,01
  83 | (6,00,5,00,1,73) | (6,48,4,00,2,00) | (6,00,4,00,1,52) | 1,14
  84 | (2,00,5,00,1,73) | (1,73,5,00,2,00) | (2,00,5,43,2,00) | 0,51
  85 | (2,57,6,00,2,00) | (2,00,5,00,1,73) | (2,00,5,43,2,00) | 1,18
  86 | (4,00,5,09,1,00) | (3,76,5,00,1,00) | (3,00,5,00,1,13) | 1,01
  87 | (4,24,5,00,1,00) | (4,00,5,09,1,00) | (4,00,6,00,1,52) | 1,15
  88 | (6,00,5,43,2,00) | (5,00,6,00,1,73) | (5,43,6,00,2,00) | 1,18
  89 | (6,00,5,00,1,73) | (6,00,5,43,2,00) | (6,27,5,00,2,00) | 0,51
  90 | (3,00,6,00,1,73) | (2,57,6,00,2,00) | (3,00,6,27,2,00) | 0,51
  91 | (3,00,6,00,1,73) | (4,00,6,48,2,00) | (4,00,6,00,1,52) | 1,14
  92 | (4,00,6,00,1,52) | (5,00,6,27,2,00) | (5,00,6,00,1,73) | 1,14
  93 | (5,00,6,00,1,73) | (5,00,6,27,2,00) | (5,43,6,00,2,00) | 0,51
  94 | (3,00,4,24,7,00) | (3,00,4,00,7,00) | (4,00,5,00,7,00) | 1,41
  95 | (4,24,5,00,7,00) | (4,00,5,00,7,00) | (5,00,4,00,7,00) | 1,41
  96 | (1,00,4,24,3,00) | (1,00,5,00,4,00) | (1,00,5,00,3,76) | 1,25
  97 | (1,13,5,00,3,00) | (1,00,4,24,3,00) | (1,00,5,00,3,76) | 1,07
  98 | (7,00,4,24,3,00) | (6,87,5,00,3,00) | (7,00,5,00,3,76) | 1,07
  99 | (7,00,5,00,3,76) | (7,00,4,00,3,00) | (7,00,4,24,3,00) | 1,25
 100 | (1,00,5,00,3,76) | (1,00,5,00,4,00) | (1,00,5,09,4,00) | 0,26
 101 | (1,00,5,00,3,76) | (1,00,5,09,4,00) | (1,52,6,00,4,00) | 1,15
 102 | (7,00,5,09,4,00) | (7,00,5,00,3,76) | (6,87,5,00,3,00) | 1,01
 103 | (7,00,5,00,3,76) | (7,00,5,09,4,00) | (7,00,5,00,4,00) | 0,26
 104 | (2,00,6,27,3,00) | (1,52,6,00,4,00) | (2,00,6,48,4,00) | 1,14
 105 | (2,91,7,00,4,00) | (3,00,7,00,3,76) | (3,00,6,87,3,00) | 1,01
 106 | (3,76,7,00,3,00) | (3,00,6,87,3,00) | (3,00,7,00,3,76) | 1,07
 107 | (5,00,6,87,3,00) | (4,24,7,00,3,00) | (5,00,7,00,3,76) | 1,07
 108 | (5,00,7,00,3,76) | (5,09,7,00,4,00) | (6,00,6,48,4,00) | 1,15
 109 | (6,27,6,00,3,00) | (6,00,6,48,4,00) | (6,48,6,00,4,00) | 1,14
 110 | (3,00,7,00,3,76) | (2,91,7,00,4,00) | (3,00,7,00,4,00) | 0,26
 111 | (3,00,7,00,3,76) | (4,00,7,00,3,00) | (3,76,7,00,3,00) | 1,25
 112 | (4,24,7,00,3,00) | (5,00,7,00,4,00) | (5,00,7,00,3,76) | 1,25
 113 | (5,00,7,00,3,76) | (5,00,7,00,4,00) | (5,09,7,00,4,00) | 0,26
 114 | (1,00,5,00,4,24) | (1,00,4,00,5,00) | (1,00,4,24,5,00) | 1,25
 115 | (1,00,5,00,4,24) | (1,00,4,24,5,00) | (1,13,5,00,5,00) | 1,07
 116 | (7,00,4,24,5,00) | (7,00,5,00,4,24) | (6,87,5,00,5,00) | 1,07
 117 | (7,00,4,24,5,00) | (7,00,5,00,4,00) | (7,00,5,00,4,24) | 1,25
 118 | (1,00,5,00,4,00) | (1,00,5,00,4,24) | (1,00,5,09,4,00) | 0,26
 119 | (1,00,5,09,4,00) | (1,00,5,00,4,24) | (1,13,5,00,5,00) | 1,01
 120 | (7,00,5,00,4,24) | (7,00,5,09,4,00) | (6,48,6,00,4,00) | 1,15
 121 | (7,00,5,00,4,00) | (7,00,5,09,4,00) | (7,00,5,00,4,24) | 0,26
 122 | (2,00,6,48,4,00) | (1,73,6,00,5,00) | (2,00,6,27,5,00) | 1,14
 123 | (3,00,7,00,4,24) | (2,91,7,00,4,00) | (2,00,6,48,4,00) | 1,15
 124 | (3,00,7,00,4,24) | (3,00,6,87,5,00) | (3,76,7,00,5,00) | 1,07
 125 | (5,00,6,87,5,00) | (5,00,7,00,4,24) | (4,24,7,00,5,00) | 1,07
 126 | (5,09,7,00,4,00) | (5,00,7,00,4,24) | (5,00,6,87,5,00) | 1,01
 127 | (6,48,6,00,4,00) | (6,00,6,27,5,00) | (6,27,6,00,5,00) | 1,14
 128 | (2,91,7,00,4,00) | (3,00,7,00,4,24) | (3,00,7,00,4,00) | 0,26
 129 | (3,76,7,00,5,00) | (3,00,7,00,4,00) | (3,00,7,00,4,24) | 1,25
 130 | (5,00,7,00,4,24) | (4,00,7,00,5,00) | (4,24,7,00,5,00) | 1,25
 131 | (5,09,7,00,4,00) | (5,00,7,00,4,00) | (5,00,7,00,4,24) | 0,26
 132 | (3,00,1,00,4,00) | (2,91,1,00,4,00) | (3,00,1,00,3,76) | 0,26
 133 | (3,76,1,00,3,00) | (3,00,1,00,4,00) | (3,00,1,00,3,76) | 1,25
 134 | (5,00,1,00,3,76) | (4,00,1,00,3,00) | (4,24,1,00,3,00) | 1,25
 135 | (5,00,1,00,3,76) | (5,09,1,00,4,00) | (5,00,1,00,4,00) | 0,26
 136 | (2,00,1,52,4,00) | (1,73,2,00,3,00) | (2,00,1,73,3,00) | 1,14
 137 | (3,00,1,00,3,76) | (2,91,1,00,4,00) | (2,00,1,52,4,00) | 1,15
 138 | (3,76,1,00,3,00) | (3,00,1,00,3,76) | (3,00,1,13,3,00) | 1,07
 139 | (4,24,1,00,3,00) | (5,00,1,13,3,00) | (5,00,1,00,3,76) | 1,07
 140 | (5,09,1,00,4,00) | (5,00,1,00,3,76) | (5,00,1,13,3,00) | 1,01
 141 | (6,48,2,00,4,00) | (6,00,1,73,3,00) | (6,27,2,00,3,00) | 1,14
 142 | (1,00,2,91,4,00) | (1,00,3,00,4,00) | (1,00,3,00,3,76) | 0,26
 143 | (1,00,2,91,4,00) | (1,00,3,00,3,76) | (1,13,3,00,3,00) | 1,01
 144 | (7,00,3,00,3,76) | (7,00,2,91,4,00) | (6,48,2,00,4,00) | 1,15
 145 | (7,00,3,00,3,76) | (7,00,3,00,4,00) | (7,00,2,91,4,00) | 0,26
 146 | (1,00,3,00,3,76) | (1,00,4,00,3,00) | (1,00,3,76,3,00) | 1,25
 147 | (1,13,3,00,3,00) | (1,00,3,00,3,76) | (1,00,3,76,3,00) | 1,07
 148 | (6,87,3,00,3,00) | (7,00,3,76,3,00) | (7,00,3,00,3,76) | 1,07
 149 | (7,00,3,76,3,00) | (7,00,3,00,4,00) | (7,00,3,00,3,76) | 1,25
 150 | (4,00,1,00,3,00) | (3,76,1,00,3,00) | (4,00,1,00,2,91) | 0,26
 151 | (4,00,1,00,2,91) | (4,24,1,00,3,00) | (4,00,1,00,3,00) | 0,26
 152 | (2,00,1,73,3,00) | (1,73,2,00,3,00) | (2,00,2,00,2,57) | 0,51
 153 | (2,57,2,00,2,00) | (2,00,1,73,3,00) | (2,00,2,00,2,57) | 1,18
 154 | (4,00,1,00,2,91) | (3,76,1,00,3,00) | (3,00,1,13,3,00) | 1,01
 155 | (4,24,1,00,3,00) | (4,00,1,00,2,91) | (4,00,1,52,2,00) | 1,15
 156 | (6,00,2,00,2,57) | (5,00,1,73,2,00) | (5,43,2,00,2,00) | 1,18
 157 | (6,00,2,00,2,57) | (6,27,2,00,3,00) | (6,00,1,73,3,00) | 0,51
 158 | (2,00,2,00,2,57) | (1,73,3,00,2,00) | (2,00,2,57,2,00) | 1,18
 159 | (2,57,2,00,2,00) | (2,00,2,00,2,57) | (2,00,2,57,2,00) | 0,80
 160 | (5,43,2,00,2,00) | (6,00,2,57,2,00) | (6,00,2,00,2,57) | 0,80
 161 | (6,00,2,57,2,00) | (6,27,2,00,3,00) | (6,00,2,00,2,57) | 1,18
 162 | (1,00,3,76,3,00) | (1,00,4,00,3,00) | (1,00,4,00,2,91) | 0,26
 163 | (1,00,3,76,3,00) | (1,00,4,00,2,91) | (1,52,4,00,2,00) | 1,15
 164 | (7,00,4,00,2,91) | (7,00,3,76,3,00) | (6,87,3,00,3,00) | 1,01
 165 | (7,00,4,00,2,91) | (7,00,4,00,3,00) | (7,00,3,76,3,00) | 0,26
 166 | (1,00,4,00,2,91) | (1,00,4,00,3,00) | (1,00,4,24,3,00) | 0,26
 167 | (1,00,4,00,2,91) | (1,00,4,24,3,00) | (1,13,5,00,3,00) | 1,01
 168 | (7,00,4,24,3,00) | (7,00,4,00,2,91) | (6,48,4,00,2,00) | 1,15
 169 | (7,00,4,00,2,91) | (7,00,4,24,3,00) | (7,00,4,00,3,00) | 0,26
 170 | (2,00,5,43,2,00) | (1,73,6,00,3,00) | (2,00,6,00,2,57) | 1,18
 171 | (2,57,6,00,2,00) | (2,00,5,43,2,00) | (2,00,6,00,2,57) | 0,80
 172 | (6,00,5,43,2,00) | (5,43,6,00,2,00) | (6,00,6,00,2,57) | 0,80
 173 | (6,00,6,00,2,57) | (6,27,5,00,2,00) | (6,00,5,43,2,00) | 1,18
 174 | (2,00,6,00,2,57) | (1,73,6,00,3,00) | (2,00,6,27,3,00) | 0,51
 175 | (2,00,6,00,2,57) | (3,00,6,27,2,00) | (2,57,6,00,2,00) | 1,18
 176 | (3,76,7,00,3,00) | (4,00,7,00,2,91) | (4,00,6,48,2,00) | 1,15
 177 | (4,00,7,00,2,91) | (4,24,7,00,3,00) | (5,00,6,87,3,00) | 1,01
 178 | (5,43,6,00,2,00) | (6,00,6,27,3,00) | (6,00,6,00,2,57) | 1,18
 179 | (6,00,6,00,2,57) | (6,00,6,27,3,00) | (6,27,6,00,3,00) | 0,51
 180 | (4,00,7,00,2,91) | (3,76,7,00,3,00) | (4,00,7,00,3,00) | 0,26
 181 | (4,00,7,00,2,91) | (4,00,7,00,3,00) | (4,24,7,00,3,00) | 0,26
 182 | (3,00,1,73,2,00) | (2,57,2,00,2,00) | (3,00,2,00,1,73) | 0,51
 183 | (3,00,1,73,2,00) | (4,00,2,00,1,52) | (4,00,1,52,2,00) | 1,14
 184 | (4,00,1,52,2,00) | (5,00,2,00,1,73) | (5,00,1,73,2,00) | 1,14
 185 | (5,00,2,00,1,73) | (5,43,2,00,2,00) | (5,00,1,73,2,00) | 0,51
 186 | (2,00,2,57,2,00) | (1,73,3,00,2,00) | (2,00,3,00,1,73) | 0,51
 187 | (2,00,2,57,2,00) | (3,00,2,00,1,73) | (2,57,2,00,2,00) | 1,18
 188 | (3,76,3,00,1,00) | (4,00,2,91,1,00) | (4,00,2,00,1,52) | 1,15
 189 | (4,00,2,91,1,00) | (4,24,3,00,1,00) | (5,00,3,00,1,13) | 1,01
 190 | (5,43,2,00,2,00) | (6,00,3,00,1,73) | (6,00,2,57,2,00) | 1,18
 191 | (6,00,3,00,1,73) | (6,27,3,00,2,00) | (6,00,2,57,2,00) | 0,51
 192 | (2,00,3,00,1,73) | (1,52,4,00,2,00) | (2,00,4,00,1,52) | 1,14
 193 | (2,91,4,00,1,00) | (3,00,3,76,1,00) | (3,00,3,00,1,13) | 1,01
 194 | (3,76,3,00,1,00) | (3,00,3,00,1,13) | (3,00,3,76,1,00) | 1,07
 195 | (4,24,3,00,1,00) | (5,00,3,76,1,00) | (5,00,3,00,1,13) | 1,07
 196 | (5,00,3,76,1,00) | (5,09,4,00,1,00) | (6,00,4,00,1,52) | 1,15
 197 | (6,00,4,00,1,52) | (6,27,3,00,2,00) | (6,00,3,00,1,73) | 1,14
 198 | (3,00,1,00,4,00) | (3,00,1,00,4,24) | (2,91,1,00,4,00) | 0,26
 199 | (3,00,1,00,4,24) | (4,00,1,00,5,00) | (3,76,1,00,5,00) | 1,25
 200 | (4,24,1,00,5,00) | (5,00,1,00,4,00) | (5,00,1,00,4,24) | 1,25
 201 | (5,09,1,00,4,00) | (5,00,1,00,4,24) | (5,00,1,00,4,00) | 0,26
 202 | (2,00,1,73,5,00) | (1,52,2,00,4,00) | (2,00,1,52,4,00) | 1,14
 203 | (2,91,1,00,4,00) | (3,00,1,00,4,24) | (3,00,1,13,5,00) | 1,01
 204 | (3,00,1,00,4,24) | (3,76,1,00,5,00) | (3,00,1,13,5,00) | 1,07
 205 | (5,00,1,00,4,24) | (5,00,1,13,5,00) | (4,24,1,00,5,00) | 1,07
 206 | (5,00,1,00,4,24) | (5,09,1,00,4,00) | (6,00,1,52,4,00) | 1,15
 207 | (6,27,2,00,5,00) | (6,00,1,52,4,00) | (6,48,2,00,4,00) | 1,14
 208 | (1,00,2,91,4,00) | (1,00,3,00,4,24) | (1,00,3,00,4,00) | 0,26
 209 | (1,00,3,00,4,24) | (1,00,2,91,4,00) | (1,52,2,00,4,00) | 1,15
 210 | (7,00,2,91,4,00) | (7,00,3,00,4,24) | (6,87,3,00,5,00) | 1,01
 211 | (7,00,3,00,4,00) | (7,00,3,00,4,24) | (7,00,2,91,4,00) | 0,26
 212 | (1,00,3,76,5,00) | (1,00,3,00,4,00) | (1,00,3,00,4,24) | 1,25
 213 | (1,00,3,00,4,24) | (1,13,3,00,5,00) | (1,00,3,76,5,00) | 1,07
 214 | (7,00,3,00,4,24) | (7,00,3,76,5,00) | (6,87,3,00,5,00) | 1,07
 215 | (7,00,3,00,4,24) | (7,00,4,00,5,00) | (7,00,3,76,5,00) | 1,25
 216 | (4,00,1,00,5,00) | (4,00,1,00,5,09) | (3,76,1,00,5,00) | 0,26
 217 | (4,24,1,00,5,00) | (4,00,1,00,5,09) | (4,00,1,00,5,00) | 0,26
 218 | (2,00,1,73,5,00) | (2,00,2,00,5,43) | (1,73,2,00,5,00) | 0,51
 219 | (2,00,2,00,5,43) | (3,00,1,73,6,00) | (2,57,2,00,6,00) | 1,18
 220 | (3,76,1,00,5,00) | (4,00,1,00,5,09) | (4,00,1,52,6,00) | 1,15
 221 | (4,00,1,00,5,09) | (4,24,1,00,5,00) | (5,00,1,13,5,00) | 1,01
 222 | (5,43,2,00,6,00) | (6,00,1,73,5,00) | (6,00,2,00,5,43) | 1,18
 223 | (6,27,2,00,5,00) | (6,00,2,00,5,43) | (6,00,1,73,5,00) | 0,51
 224 | (2,00,2,57,6,00) | (1,73,2,00,5,00) | (2,00,2,00,5,43) | 1,18
 225 | (2,00,2,00,5,43) | (2,57,2,00,6,00) | (2,00,2,57,6,00) | 0,80
 226 | (6,00,2,00,5,43) | (6,00,2,57,6,00) | (5,43,2,00,6,00) | 0,80
 227 | (6,00,2,00,5,43) | (6,27,3,00,6,00) | (6,00,2,57,6,00) | 1,18
 228 | (1,00,3,76,5,00) | (1,00,4,00,5,09) | (1,00,4,00,5,00) | 0,26
 229 | (1,00,4,00,5,09) | (1,00,3,76,5,00) | (1,13,3,00,5,00) | 1,01
 230 | (7,00,3,76,5,00) | (7,00,4,00,5,09) | (6,48,4,00,6,00) | 1,15
 231 | (7,00,4,00,5,00) | (7,00,4,00,5,09) | (7,00,3,76,5,00) | 0,26
 232 | (3,00,4,00,7,00) | (4,00,4,00,7,00) | (4,00,5,00,7,00) | 1,41
 233 | (4,00,5,00,7,00) | (4,00,4,00,7,00) | (5,00,4,00,7,00) | 1,41
 234 | (4,00,3,00,7,00) | (4,00,4,00,7,00) | (3,00,4,00,7,00) | 1,41
 235 | (5,00,4,00,7,00) | (4,00,4,00,7,00) | (4,00,3,00,7,00) | 1,41
 236 | (4,00,5,00,1,00) | (4,00,4,00,1,00) | (3,00,4,00,1,00) | 1,41
 237 | (5,00,4,00,1,00) | (4,00,4,00,1,00) | (4,00,5,00,1,00) | 1,41
 238 | (3,00,4,00,1,00) | (4,00,4,00,1,00) | (4,00,3,00,1,00) | 1,41
 239 | (4,00,3,00,1,00) | (4,00,4,00,1,00) | (5,00,4,00,1,00) | 1,41
 240 | (4,00,2,00,6,48) | (3,00,2,00,6,27) | (4,00,1,52,6,00) | 1,14
 241 | (5,00,2,00,6,27) | (4,00,2,00,6,48) | (5,00,1,73,6,00) | 1,14
 242 | (2,57,2,00,6,00) | (3,00,2,00,6,27) | (2,00,3,00,6,27) | 1,41
 243 | (4,00,2,91,7,00) | (3,00,3,00,6,87) | (4,00,2,00,6,48) | 1,47
 244 | (4,24,3,00,7,00) | (4,00,2,00,6,48) | (5,00,3,00,6,87) | 1,47
 245 | (6,00,2,57,6,00) | (6,00,3,00,6,27) | (5,00,2,00,6,27) | 1,41
 246 | (2,00,3,00,6,27) | (2,00,4,00,6,48) | (1,73,3,00,6,00) | 1,14
 247 | (3,00,3,76,7,00) | (2,00,4,00,6,48) | (3,00,3,00,6,87) | 1,47
 248 | (5,09,4,00,7,00) | (5,00,3,00,6,87) | (6,00,4,00,6,48) | 1,47
 249 | (6,00,4,00,6,48) | (6,00,3,00,6,27) | (6,48,4,00,6,00) | 1,14
 250 | (1,00,4,24,5,00) | (1,52,4,00,6,00) | (1,13,5,00,5,00) | 1,47
 251 | (7,00,4,00,5,09) | (6,87,5,00,5,00) | (6,48,4,00,6,00) | 1,47
 252 | (2,00,6,00,5,43) | (1,73,6,00,5,00) | (1,73,5,00,6,00) | 1,41
 253 | (6,00,5,43,6,00) | (6,27,5,00,6,00) | (6,27,6,00,5,00) | 1,41
 254 | (2,57,6,00,6,00) | (3,00,6,27,6,00) | (2,00,6,27,5,00) | 1,41
 255 | (4,00,7,00,5,09) | (3,00,6,87,5,00) | (4,00,6,48,6,00) | 1,47
 256 | (4,24,7,00,5,00) | (4,00,6,48,6,00) | (5,00,6,87,5,00) | 1,47
 257 | (6,00,6,00,5,43) | (6,00,6,27,5,00) | (5,00,6,27,6,00) | 1,41
 258 | (2,57,2,00,2,00) | (3,00,1,73,2,00) | (2,00,1,73,3,00) | 1,41
 259 | (4,00,1,00,2,91) | (3,00,1,13,3,00) | (4,00,1,52,2,00) | 1,47
 260 | (4,24,1,00,3,00) | (4,00,1,52,2,00) | (5,00,1,13,3,00) | 1,47
 261 | (6,00,2,00,2,57) | (6,00,1,73,3,00) | (5,00,1,73,2,00) | 1,41
 262 | (2,00,2,00,2,57) | (1,73,2,00,3,00) | (1,73,3,00,2,00) | 1,41
 263 | (6,00,2,57,2,00) | (6,27,3,00,2,00) | (6,27,2,00,3,00) | 1,41
 264 | (1,00,3,76,3,00) | (1,52,4,00,2,00) | (1,13,3,00,3,00) | 1,47
 265 | (7,00,4,00,2,91) | (6,87,3,00,3,00) | (6,48,4,00,2,00) | 1,47
 266 | (2,00,4,00,6,48) | (2,00,5,00,6,27) | (1,52,4,00,6,00) | 1,14
 267 | (2,91,4,00,7,00) | (3,00,5,00,6,87) | (2,00,4,00,6,48) | 1,47
 268 | (5,00,4,24,7,00) | (6,00,4,00,6,48) | (5,00,5,00,6,87) | 1,47
 269 | (6,00,5,00,6,27) | (6,00,4,00,6,48) | (6,27,5,00,6,00) | 1,14
 270 | (2,00,5,43,6,00) | (2,00,5,00,6,27) | (3,00,6,00,6,27) | 1,41
 271 | (3,76,5,00,7,00) | (4,00,6,00,6,48) | (3,00,5,00,6,87) | 1,47
 272 | (4,00,5,09,7,00) | (5,00,5,00,6,87) | (4,00,6,00,6,48) | 1,47
 273 | (5,43,6,00,6,00) | (5,00,6,00,6,27) | (6,00,5,00,6,27) | 1,41
 274 | (4,00,6,48,6,00) | (3,00,6,27,6,00) | (4,00,6,00,6,48) | 1,14
 275 | (5,00,6,27,6,00) | (4,00,6,48,6,00) | (5,00,6,00,6,27) | 1,14
 276 | (1,00,4,24,3,00) | (1,00,4,00,3,00) | (1,00,5,00,4,00) | 1,41
 277 | (7,00,5,00,3,76) | (7,00,5,00,4,00) | (7,00,4,00,3,00) | 1,41
 278 | (1,00,5,00,3,76) | (1,52,6,00,4,00) | (1,13,5,00,3,00) | 1,47
 279 | (7,00,5,09,4,00) | (6,87,5,00,3,00) | (6,48,6,00,4,00) | 1,47
 280 | (1,73,6,00,3,00) | (1,52,6,00,4,00) | (2,00,6,27,3,00) | 1,14
 281 | (2,91,7,00,4,00) | (3,00,6,87,3,00) | (2,00,6,48,4,00) | 1,47
 282 | (5,00,7,00,3,76) | (6,00,6,48,4,00) | (5,00,6,87,3,00) | 1,47
 283 | (6,00,6,27,3,00) | (6,00,6,48,4,00) | (6,27,6,00,3,00) | 1,14
 284 | (3,00,7,00,3,76) | (3,00,7,00,4,00) | (4,00,7,00,3,00) | 1,41
 285 | (4,24,7,00,3,00) | (4,00,7,00,3,00) | (5,00,7,00,4,00) | 1,41
 286 | (1,00,5,00,4,24) | (1,00,5,00,4,00) | (1,00,4,00,5,00) | 1,41
 287 | (7,00,4,24,5,00) | (7,00,4,00,5,00) | (7,00,5,00,4,00) | 1,41
 288 | (1,00,5,09,4,00) | (1,13,5,00,5,00) | (1,52,6,00,4,00) | 1,47
 289 | (7,00,5,00,4,24) | (6,48,6,00,4,00) | (6,87,5,00,5,00) | 1,47
 290 | (1,52,6,00,4,00) | (1,73,6,00,5,00) | (2,00,6,48,4,00) | 1,14
 291 | (3,00,7,00,4,24) | (2,00,6,48,4,00) | (3,00,6,87,5,00) | 1,47
 292 | (5,09,7,00,4,00) | (5,00,6,87,5,00) | (6,00,6,48,4,00) | 1,47
 293 | (6,00,6,48,4,00) | (6,00,6,27,5,00) | (6,48,6,00,4,00) | 1,14
 294 | (3,76,7,00,5,00) | (4,00,7,00,5,00) | (3,00,7,00,4,00) | 1,41
 295 | (5,00,7,00,4,24) | (5,00,7,00,4,00) | (4,00,7,00,5,00) | 1,41
 296 | (1,52,4,00,2,00) | (1,73,5,00,2,00) | (2,00,4,00,1,52) | 1,14
 297 | (3,00,4,24,1,00) | (2,00,4,00,1,52) | (3,00,5,00,1,13) | 1,47
 298 | (5,09,4,00,1,00) | (5,00,5,00,1,13) | (6,00,4,00,1,52) | 1,47
 299 | (6,27,5,00,2,00) | (6,48,4,00,2,00) | (6,00,5,00,1,73) | 1,14
 300 | (2,57,6,00,2,00) | (3,00,6,00,1,73) | (2,00,5,00,1,73) | 1,41
 301 | (4,00,5,09,1,00) | (3,00,5,00,1,13) | (4,00,6,00,1,52) | 1,47
 302 | (4,24,5,00,1,00) | (4,00,6,00,1,52) | (5,00,5,00,1,13) | 1,47
 303 | (6,00,5,43,2,00) | (6,00,5,00,1,73) | (5,00,6,00,1,73) | 1,41
 304 | (3,00,6,27,2,00) | (4,00,6,48,2,00) | (3,00,6,00,1,73) | 1,14
 305 | (4,00,6,48,2,00) | (5,00,6,27,2,00) | (4,00,6,00,1,52) | 1,14
 306 | (2,00,2,00,5,43) | (2,00,1,73,5,00) | (3,00,1,73,6,00) | 1,41
 307 | (3,76,1,00,5,00) | (4,00,1,52,6,00) | (3,00,1,13,5,00) | 1,47
 308 | (4,00,1,00,5,09) | (5,00,1,13,5,00) | (4,00,1,52,6,00) | 1,47
 309 | (5,43,2,00,6,00) | (5,00,1,73,6,00) | (6,00,1,73,5,00) | 1,41
 310 | (2,00,2,57,6,00) | (1,73,3,00,6,00) | (1,73,2,00,5,00) | 1,41
 311 | (6,00,2,00,5,43) | (6,27,2,00,5,00) | (6,27,3,00,6,00) | 1,41
 312 | (1,00,4,00,5,09) | (1,13,3,00,5,00) | (1,52,4,00,6,00) | 1,47
 313 | (7,00,3,76,5,00) | (6,48,4,00,6,00) | (6,87,3,00,5,00) | 1,47
 314 | (1,00,4,00,2,91) | (1,13,5,00,3,00) | (1,52,4,00,2,00) | 1,47
 315 | (7,00,4,24,3,00) | (6,48,4,00,2,00) | (6,87,5,00,3,00) | 1,47
 316 | (2,00,5,43,2,00) | (1,73,5,00,2,00) | (1,73,6,00,3,00) | 1,41
 317 | (6,00,6,00,2,57) | (6,27,6,00,3,00) | (6,27,5,00,2,00) | 1,41
 318 | (2,00,6,00,2,57) | (2,00,6,27,3,00) | (3,00,6,27,2,00) | 1,41
 319 | (3,76,7,00,3,00) | (4,00,6,48,2,00) | (3,00,6,87,3,00) | 1,47
 320 | (4,00,7,00,2,91) | (5,00,6,87,3,00) | (4,00,6,48,2,00) | 1,47
 321 | (5,43,6,00,2,00) | (5,00,6,27,2,00) | (6,00,6,27,3,00) | 1,41
 322 | (3,76,1,00,3,00) | (4,00,1,00,3,00) | (3,00,1,00,4,00) | 1,41
 323 | (5,00,1,00,3,76) | (5,00,1,00,4,00) | (4,00,1,00,3,00) | 1,41
 324 | (1,52,2,00,4,00) | (1,73,2,00,3,00) | (2,00,1,52,4,00) | 1,14
 325 | (3,00,1,00,3,76) | (2,00,1,52,4,00) | (3,00,1,13,3,00) | 1,47
 326 | (5,09,1,00,4,00) | (5,00,1,13,3,00) | (6,00,1,52,4,00) | 1,47
 327 | (6,00,1,52,4,00) | (6,00,1,73,3,00) | (6,48,2,00,4,00) | 1,14
 328 | (1,00,2,91,4,00) | (1,13,3,00,3,00) | (1,52,2,00,4,00) | 1,47
 329 | (7,00,3,00,3,76) | (6,48,2,00,4,00) | (6,87,3,00,3,00) | 1,47
 330 | (1,00,3,00,3,76) | (1,00,3,00,4,00) | (1,00,4,00,3,00) | 1,41
 331 | (7,00,3,76,3,00) | (7,00,4,00,3,00) | (7,00,3,00,4,00) | 1,41
 332 | (3,00,2,00,1,73) | (4,00,2,00,1,52) | (3,00,1,73,2,00) | 1,14
 333 | (4,00,2,00,1,52) | (5,00,2,00,1,73) | (4,00,1,52,2,00) | 1,14
 334 | (2,00,2,57,2,00) | (2,00,3,00,1,73) | (3,00,2,00,1,73) | 1,41
 335 | (3,76,3,00,1,00) | (4,00,2,00,1,52) | (3,00,3,00,1,13) | 1,47
 336 | (4,00,2,91,1,00) | (5,00,3,00,1,13) | (4,00,2,00,1,52) | 1,47
 337 | (5,43,2,00,2,00) | (5,00,2,00,1,73) | (6,00,3,00,1,73) | 1,41
 338 | (1,73,3,00,2,00) | (1,52,4,00,2,00) | (2,00,3,00,1,73) | 1,14
 339 | (2,91,4,00,1,00) | (3,00,3,00,1,13) | (2,00,4,00,1,52) | 1,47
 340 | (5,00,3,76,1,00) | (6,00,4,00,1,52) | (5,00,3,00,1,13) | 1,47
 341 | (6,48,4,00,2,00) | (6,27,3,00,2,00) | (6,00,4,00,1,52) | 1,14
 342 | (3,00,1,00,4,24) | (3,00,1,00,4,00) | (4,00,1,00,5,00) | 1,41
 343 | (4,24,1,00,5,00) | (4,00,1,00,5,00) | (5,00,1,00,4,00) | 1,41
 344 | (1,73,2,00,5,00) | (1,52,2,00,4,00) | (2,00,1,73,5,00) | 1,14
 345 | (2,91,1,00,4,00) | (3,00,1,13,5,00) | (2,00,1,52,4,00) | 1,47
 346 | (5,00,1,00,4,24) | (6,00,1,52,4,00) | (5,00,1,13,5,00) | 1,47
 347 | (6,00,1,73,5,00) | (6,00,1,52,4,00) | (6,27,2,00,5,00) | 1,14
 348 | (1,00,3,00,4,24) | (1,52,2,00,4,00) | (1,13,3,00,5,00) | 1,47
 349 | (7,00,2,91,4,00) | (6,87,3,00,5,00) | (6,48,2,00,4,00) | 1,47
 350 | (1,00,3,76,5,00) | (1,00,4,00,5,00) | (1,00,3,00,4,00) | 1,41
 351 | (7,00,3,00,4,24) | (7,00,3,00,4,00) | (7,00,4,00,5,00) | 1,41
 352 | (3,00,2,00,6,27) | (3,00,3,00,6,87) | (2,00,3,00,6,27) | 1,41
 353 | (4,00,2,00,6,48) | (3,00,3,00,6,87) | (3,00,2,00,6,27) | 1,47
 354 | (5,00,3,00,6,87) | (4,00,2,00,6,48) | (5,00,2,00,6,27) | 1,47
 355 | (6,00,3,00,6,27) | (5,00,3,00,6,87) | (5,00,2,00,6,27) | 1,41
 356 | (3,00,3,00,6,87) | (2,00,4,00,6,48) | (2,00,3,00,6,27) | 1,47
 357 | (6,00,4,00,6,48) | (5,00,3,00,6,87) | (6,00,3,00,6,27) | 1,47
 358 | (1,13,5,00,5,00) | (1,52,4,00,6,00) | (1,73,5,00,6,00) | 1,47
 359 | (6,48,4,00,6,00) | (6,87,5,00,5,00) | (6,27,5,00,6,00) | 1,47
 360 | (1,73,6,00,5,00) | (1,13,5,00,5,00) | (1,73,5,00,6,00) | 1,41
 361 | (6,27,5,00,6,00) | (6,87,5,00,5,00) | (6,27,6,00,5,00) | 1,41
 362 | (3,00,6,27,6,00) | (3,00,6,87,5,00) | (2,00,6,27,5,00) | 1,41
 363 | (4,00,6,48,6,00) | (3,00,6,87,5,00) | (3,00,6,27,6,00) | 1,47
 364 | (5,00,6,87,5,00) | (4,00,6,48,6,00) | (5,00,6,27,6,00) | 1,47
 365 | (6,00,6,27,5,00) | (5,00,6,87,5,00) | (5,00,6,27,6,00) | 1,41
 366 | (2,00,4,00,6,48) | (3,00,5,00,6,87) | (2,00,5,00,6,27) | 1,47
 367 | (5,00,5,00,6,87) | (6,00,4,00,6,48) | (6,00,5,00,6,27) | 1,47
 368 | (2,00,5,00,6,27) | (3,00,5,00,6,87) | (3,00,6,00,6,27) | 1,41
 369 | (3,00,5,00,6,87) | (4,00,6,00,6,48) | (3,00,6,00,6,27) | 1,47
 370 | (4,00,6,00,6,48) | (5,00,5,00,6,87) | (5,00,6,00,6,27) | 1,47
 371 | (5,00,6,00,6,27) | (5,00,5,00,6,87) | (6,00,5,00,6,27) | 1,41
 372 | (3,00,5,00,1,13) | (2,00,4,00,1,52) | (2,00,5,00,1,73) | 1,47
 373 | (6,00,4,00,1,52) | (5,00,5,00,1,13) | (6,00,5,00,1,73) | 1,47
 374 | (3,00,6,00,1,73) | (3,00,5,00,1,13) | (2,00,5,00,1,73) | 1,41
 375 | (4,00,6,00,1,52) | (3,00,5,00,1,13) | (3,00,6,00,1,73) | 1,47
 376 | (5,00,5,00,1,13) | (4,00,6,00,1,52) | (5,00,6,00,1,73) | 1,47
 377 | (6,00,5,00,1,73) | (5,00,5,00,1,13) | (5,00,6,00,1,73) | 1,41
 378 | (3,00,1,73,2,00) | (3,00,1,13,3,00) | (2,00,1,73,3,00) | 1,41
 379 | (4,00,1,52,2,00) | (3,00,1,13,3,00) | (3,00,1,73,2,00) | 1,47
 380 | (5,00,1,13,3,00) | (4,00,1,52,2,00) | (5,00,1,73,2,00) | 1,47
 381 | (6,00,1,73,3,00) | (5,00,1,13,3,00) | (5,00,1,73,2,00) | 1,41
 382 | (1,73,2,00,3,00) | (1,13,3,00,3,00) | (1,73,3,00,2,00) | 1,41
 383 | (6,27,3,00,2,00) | (6,87,3,00,3,00) | (6,27,2,00,3,00) | 1,41
 384 | (1,13,3,00,3,00) | (1,52,4,00,2,00) | (1,73,3,00,2,00) | 1,47
 385 | (6,48,4,00,2,00) | (6,87,3,00,3,00) | (6,27,3,00,2,00) | 1,47
 386 | (1,52,4,00,2,00) | (1,13,5,00,3,00) | (1,73,5,00,2,00) | 1,47
 387 | (6,87,5,00,3,00) | (6,48,4,00,2,00) | (6,27,5,00,2,00) | 1,47
 388 | (1,73,5,00,2,00) | (1,13,5,00,3,00) | (1,73,6,00,3,00) | 1,41
 389 | (6,27,6,00,3,00) | (6,87,5,00,3,00) | (6,27,5,00,2,00) | 1,41
 390 | (2,00,6,27,3,00) | (3,00,6,87,3,00) | (3,00,6,27,2,00) | 1,41
 391 | (3,00,6,87,3,00) | (4,00,6,48,2,00) | (3,00,6,27,2,00) | 1,47
 392 | (4,00,6,48,2,00) | (5,00,6,87,3,00) | (5,00,6,27,2,00) | 1,47
 393 | (5,00,6,27,2,00) | (5,00,6,87,3,00) | (6,00,6,27,3,00) | 1,41
 394 | (2,00,3,00,1,73) | (3,00,3,00,1,13) | (3,00,2,00,1,73) | 1,41
 395 | (3,00,3,00,1,13) | (4,00,2,00,1,52) | (3,00,2,00,1,73) | 1,47
 396 | (4,00,2,00,1,52) | (5,00,3,00,1,13) | (5,00,2,00,1,73) | 1,47
 397 | (5,00,2,00,1,73) | (5,00,3,00,1,13) | (6,00,3,00,1,73) | 1,41
 398 | (2,00,4,00,1,52) | (3,00,3,00,1,13) | (2,00,3,00,1,73) | 1,47
 399 | (5,00,3,00,1,13) | (6,00,4,00,1,52) | (6,00,3,00,1,73) | 1,47
 400 | (1,00,4,00,3,00) | (1,00,4,00,4,00) | (1,00,5,00,4,00) | 1,41
 401 | (7,00,5,00,4,00) | (7,00,4,00,4,00) | (7,00,4,00,3,00) | 1,41
 402 | (1,13,5,00,3,00) | (1,52,6,00,4,00) | (1,73,6,00,3,00) | 1,47
 403 | (6,48,6,00,4,00) | (6,87,5,00,3,00) | (6,27,6,00,3,00) | 1,47
 404 | (2,00,6,48,4,00) | (3,00,6,87,3,00) | (2,00,6,27,3,00) | 1,47
 405 | (5,00,6,87,3,00) | (6,00,6,48,4,00) | (6,00,6,27,3,00) | 1,47
 406 | (3,00,7,00,4,00) | (4,00,7,00,4,00) | (4,00,7,00,3,00) | 1,41
 407 | (4,00,7,00,3,00) | (4,00,7,00,4,00) | (5,00,7,00,4,00) | 1,41
 408 | (1,00,5,00,4,00) | (1,00,4,00,4,00) | (1,00,4,00,5,00) | 1,41
 409 | (7,00,4,00,5,00) | (7,00,4,00,4,00) | (7,00,5,00,4,00) | 1,41
 410 | (1,52,6,00,4,00) | (1,13,5,00,5,00) | (1,73,6,00,5,00) | 1,47
 411 | (6,87,5,00,5,00) | (6,48,6,00,4,00) | (6,27,6,00,5,00) | 1,47
 412 | (3,00,6,87,5,00) | (2,00,6,48,4,00) | (2,00,6,27,5,00) | 1,47
 413 | (6,00,6,48,4,00) | (5,00,6,87,5,00) | (6,00,6,27,5,00) | 1,47
 414 | (4,00,7,00,5,00) | (4,00,7,00,4,00) | (3,00,7,00,4,00) | 1,41
 415 | (5,00,7,00,4,00) | (4,00,7,00,4,00) | (4,00,7,00,5,00) | 1,41
 416 | (3,00,1,00,4,00) | (4,00,1,00,4,00) | (4,00,1,00,5,00) | 1,41
 417 | (4,00,1,00,5,00) | (4,00,1,00,4,00) | (5,00,1,00,4,00) | 1,41
 418 | (2,00,1,52,4,00) | (3,00,1,13,5,00) | (2,00,1,73,5,00) | 1,47
 419 | (5,00,1,13,5,00) | (6,00,1,52,4,00) | (6,00,1,73,5,00) | 1,47
 420 | (1,13,3,00,5,00) | (1,52,2,00,4,00) | (1,73,2,00,5,00) | 1,47
 421 | (6,48,2,00,4,00) | (6,87,3,00,5,00) | (6,27,2,00,5,00) | 1,47
 422 | (1,00,4,00,5,00) | (1,00,4,00,4,00) | (1,00,3,00,4,00) | 1,41
 423 | (7,00,3,00,4,00) | (7,00,4,00,4,00) | (7,00,4,00,5,00) | 1,41
 424 | (2,00,1,73,5,00) | (3,00,1,13,5,00) | (3,00,1,73,6,00) | 1,41
 425 | (3,00,1,13,5,00) | (4,00,1,52,6,00) | (3,00,1,73,6,00) | 1,47
 426 | (4,00,1,52,6,00) | (5,00,1,13,5,00) | (5,00,1,73,6,00) | 1,47
 427 | (5,00,1,73,6,00) | (5,00,1,13,5,00) | (6,00,1,73,5,00) | 1,41
 428 | (1,73,3,00,6,00) | (1,13,3,00,5,00) | (1,73,2,00,5,00) | 1,41
 429 | (6,27,2,00,5,00) | (6,87,3,00,5,00) | (6,27,3,00,6,00) | 1,41
 430 | (1,52,4,00,6,00) | (1,13,3,00,5,00) | (1,73,3,00,6,00) | 1,47
 431 | (6,87,3,00,5,00) | (6,48,4,00,6,00) | (6,27,3,00,6,00) | 1,47
 432 | (4,00,1,00,3,00) | (4,00,1,00,4,00) | (3,00,1,00,4,00) | 1,41
 433 | (5,00,1,00,4,00) | (4,00,1,00,4,00) | (4,00,1,00,3,00) | 1,41
 434 | (3,00,1,13,3,00) | (2,00,1,52,4,00) | (2,00,1,73,3,00) | 1,47
 435 | (6,00,1,52,4,00) | (5,00,1,13,3,00) | (6,00,1,73,3,00) | 1,47
 436 | (1,52,2,00,4,00) | (1,13,3,00,3,00) | (1,73,2,00,3,00) | 1,47
 437 | (6,87,3,00,3,00) | (6,48,2,00,4,00) | (6,27,2,00,3,00) | 1,47
 438 | (1,00,3,00,4,00) | (1,00,4,00,4,00) | (1,00,4,00,3,00) | 1,41
 439 | (7,00,4,00,3,00) | (7,00,4,00,4,00) | (7,00,3,00,4,00) | 1,41
